[
	[0, 0, 0, 0, 0, 0, 0, 0, 0, 0, 0, 0]
	[0, 0, 0, 0, 0, 0, 0, 0, 0, 0, 0, 0]
	[1, 1, 1, 0, 0, 0, 0, 0, 0, 0, 0, 0]
	[0, 1, 1, 0, 0, 1, 0, 0, 0, 0, 0, 0]
	[0, 0, 1, 0, 1, 0, 0, 0, 0, 0, 0, 0]
	[1, 1, 0, 1, 0, 0, 0, 0, 0, 0, 0, 0]
	[0, 1, 1, 0, 0, 0, 0, 1, 0, 0, 0, 0]
	[0, 0, 0, 0, 0, 0, 0, 1, 1, 0, 1, 0]
	[0, 0, 0, 0, 0, 0, 1, 1, 1, 1, 0, 0]
	[0, 0, 0, 0, 0, 0, 0, 1, 0, 0, 0, 0]
	[0, 0, 0, 0, 0, 0, 1, 1, 0, 0, 0, 0]
	[0, 0, 0, 0, 0, 0, 0, 0, 0, 0, 0, 0]
]

There are 2 different Islands
Here are the Stats of the Islands:
size: 13         one Member: (2, 1)
size: 11         one Member: (8, 8)
